856 203.501
745 206.544
954 205.737
.827 156.209
953 153.769
981 151.898
628 153.387
753 153.387
675 147.495
907 183.868
628 185.129
907 186.497
637 182.496
605 181.985
898 207.449
652 211.238
628 222.809
675 225.605
722 221.714
838 218.994
838 216.334
.973 211.715
986 222.051
856 211.299
809 123.413
772 101.976
675 107.697
651 129.134
651 131.915
.671328671
.660672661
.660672661
.660672661
888000888
888000888
.661560662
.660672661
.660672661
.660672661
.660672661
.781874126
.769442113
856 203.501
745 206.544
954 205.737
.827 156.209
953 153.769
981 151.898
628 153.387
753 153.387
675 147.495
907 183.868
628 185.129
907 186.497
637 182.496
605 181.985
898 207.449
652 211.238
628 222.809
675 225.605
722 221.714
838 218.994
838 216.334
.973 211.715
986 222.051
856 211.299
809 123.413
772 101.976
675 107.697
651 129.134
651 131.915
.671328671
.660672661
.660672661
.660672661
888000888
888000888
.661560662
.660672661
.660672661
.660672661
.660672661
.781874126
.769442113
856 203.501
745 206.544
954 205.737
.827 156.209
953 153.769
981 151.898
628 153.387
753 153.387
675 147.495
907 183.868
628 185.129
907 186.497
637 182.496
605 181.985
898 207.449
652 211.238
628 222.809
675 225.605
722 221.714
838 218.994
838 216.334
.973 211.715
986 222.051
856 211.299
809 123.413
772 101.976
675 107.697
651 129.134
651 131.915
.671328671
.660672661
.660672661
.660672661
888000888
888000888
.661560662
.660672661
.660672661
.660672661
.660672661
.781874126
.769442113
856 203.501
745 206.544
954 205.737
.827 156.209
953 153.769
981 151.898
628 153.387
753 153.387
675 147.495
907 183.868
628 185.129
907 186.497
637 182.496
605 181.985
898 207.449
652 211.238
628 222.809
675 225.605
722 221.714
838 218.994
838 216.334
.973 211.715
986 222.051
856 211.299
809 123.413
772 101.976
675 107.697
651 129.134
651 131.915
856 203.501
745 206.544
954 205.737
.827 156.209
953 153.769
981 151.898
628 153.387
753 153.387
675 147.495
907 183.868
628 185.129
907 186.497
637 182.496
605 181.985
898 207.449
652 211.238
628 222.809
675 225.605
722 221.714
838 218.994
838 216.334
.973 211.715
986 222.051
856 211.299
809 123.413
772 101.976
675 107.697
651 129.134
651 131.915
856 203.501
745 206.544
954 205.737
.827 156.209
953 153.769
981 151.898
628 153.387
753 153.387
675 147.495
907 183.868
628 185.129
907 186.497
637 182.496
605 181.985
898 207.449
652 211.238
628 222.809
675 225.605
722 221.714
838 218.994
838 216.334
.973 211.715
986 222.051
856 211.299
809 123.413
772 101.976
675 107.697
651 129.134
651 131.915
